=1 MPI ranks
======= 128x128
[1.08794, 0.633447, 0.522461, 0.416613, 0.385771, 0.371728, 0.342544, 0.332913, 0.341018, 0.337781]
======= 256x256
[7.42162, 3.97095, 2.86588, 2.29899, 1.9936, 1.72837, 1.51316, 1.41851, 1.3296, 1.23009] 
======= 512x512
[55.2876, 29.1969, 20.4708, 16.6115, 13.7108, 11.547, 9.9481, 9.50789, 8.68981, 8.09695] 
======= 1024x1024
[621.063, 334.486, 258.434, 224.633, 199.646, 195.176, 184.669, 176.796, 176.16, 171.018]


=2 MPI ranks
======= 128x128
[0.604423, 0.429454, 0.359941, 0.327202, 0.329886, 0.310419, 0.310629, 0.317587, 0.319773, 0.332962]
======= 256x256
[3.85527, 2.16092, 1.62052, 1.3728, 1.2005, 1.06176, 0.997827, 0.932477, 0.938714, 0.899735]
======= 512x512
[27.7625, 14.8102, 10.6116, 8.52406, 7.37134, 6.32161, 5.60938, 5.08457, 4.6978, 4.44503]
======= 1024x1024
[281.046, 150.632, 110.215, 92.5113, 82.6684, 72.9069, 68.9902, 65.4509, 64.8172, 63.1057]


=4 MPI ranks
======= 128x128
[0.373496, 0.324711, 0.304841, 0.296067, 0.311545, 0.296986, 0.307424, 0.320025, 0.323152, 0.335765]
======= 256x256
[2.11112, 1.27636, 1.06936, 0.88647, 0.839136, 0.801946, 0.772267, 0.75066, 0.747047, 0.76995]
======= 512x512
[14.2477, 7.74722, 5.82434, 4.77565, 4.18397, 3.6708, 3.30913, 3.03037, 2.8511, 2.76522]
======= 1024x1024
[107.807, 55.7795, 41.3166, 32.9265, 27.6754, 23.1876, 21.4095, 18.7489, 17.172, 16.7142] 
